3901212654
3901212654
3901212654
3901212654
3901212654
3901212654
1600901495
1601961835
1601959723
1601958737
1601958712
1601957638
1601957613
1601956465
1601955045
1601952608
1601950745
1601950456
1601950706
1601950294
1601947397
1601943699
1601938314
1601935909
1601931679
1601927182
1601927175
1600957152
1602146417
1602143247
1602084880
1602077523
1602075371
1602065856
1602064002
1602063383
1602062647
1602057809
1602049156
1602048226
1602048233
1602047790
1602047769
1602047582
1602046691
1602044084
1602043080
1602027032
1602146488
1602140020
1602048177
1602024401
1601996443
1601996450
1601979769
1801337832-002
1601940874
1601940190
1601935899
1601931044
1601929140
1601928732
1601917466
1601916783
1601916430
1601911619
1601906513
1601890126
1602143448
1602139811
1602138790
1602076417
1602074829
1602074716
1602070285
1602069547
1602067331
1602066521
1602065729
1602052335
1602052173
1602051412
1602043299
1602037062
1602036654
1602018246
1601987706-006
1602002817
1602146262
1602136793
1602075332
1602061643
1602052159
1602049639
1602043242
1602023581
1602015220
1601994929
1601927827
1601923501
1601920035
1601918396
1601916624
1601914419
1601909909
1601891264
1601882301
1601880960
1602057693
1602045271
1602040788
1601904516
1601886017
1601868804
1601863210
1601840703
1601837764
1601686508
1601658765
1600160409-001
1601393364
1601223669
1600378652
1600906119
3900368151-001
1600790129
1600777826
1600726740
1602089617
1601983652
1601925587
1601925097
1601888367
1601880590
1601852635
1601841471
1601837789
1601837570
1601702132
1601688294
1601335556
1601272810
1400239764-006
1601186375
1601182194
1600903485
1601927023
1601927400
1601927390
1601927383
1601927351
1601927312
1601927288
1601927270
1601927256
1601927249
1601927231
1601927224
1601925354
1601925322
1601919544
1601919537
1601911111
1601902653
1601892518
1601891761
1601891659
1601890623
1601867328
1601867649
1601815249
1601800330
1601766792
1601697443
1601581544
1601579030
1601524313
1601521383
1601506032
1601501362
1601500400
1601497349
1601495359
1601486650
1601486636
1601482705
1601475867
1601472104
1601472009
1601440462
1601407306
1601406447
1601403083
1601397464
1601394431
1601392402
1601341172-001
1601354911
1601353918
1601352174
1601345730
1601345699
1601341172
1601326840
1601301677
1601300874
1601294846
1601279083
1601241139
1601233258
1601227737
1601222714
1601219359
1601219341
1601218605
1601218588
1601185685
1601183737
1601122886
1601119474
1601119347
1601103749
1601083394
1600896157-001
1601055171
1600975930
1602021457
1602012653
1602012646
1602004412
1602003377
1601998680
1601994693
1601992128
1601987449
1601979060
1601975411
1601964392
1601951241
1601948256
1601946555
1601933475
1601931541
1601931051
1601931037
1601928203
1601926439
1601923558
1601923540
1601923519
1601922610
1601918068
1601914987
1601909472
1601903872-001
1601902607
1601896784
1601896417
1601892765
1601890133
1601886426
1601885503
1601884669
1601884154
1601884186
1601883418
1601882598
1601882679
1601882326
1601880343
1601878753
1601878400
1601873730
1601872744
1601869886
1601868113
1601866356
1601861485
1601861051
1601861005
1601858972
1601855795
1601853621
1601852603
1601841746
1601837891
1601837066
1601834604
1601833946
1601819148
1601807336
1601803187
1601801895
1601798850
1601792506
1601790097
1601787249
1601269511-001
1601771827
1601759192
1601733490
1601714762
1601711828
1601706497
1601697323
1601618272
1601885447
1601884926
1601878778
1601877460
1601876234
1601867776
1601865514
1601864133
1601861929
1601856936
1601855636
1601850797
1601847850
1601847593
1601846920
1601841697
1601841707
1601840735
1601837965
1601834643
1601834065
1601834033
1601818786
1601815383
1601809358
1601807368
1601805297
1601794599
1601781920
1601747856
1601741678
1601735378
1601724961
1601714787
1601709272
1601675016
1601675009
1601670579
1601654464
1600626471-007
1601613362
1601586599
1601570567
1601566835
1601562534
1601544165
1601532674
1601503955
1601502567
1601495944
1601439280
1601408282
1601402996
1601401752
1601375573
1601348932
1601300232
1601283121
1601282897
1601238496
1600156459-001
1601207427
1601130975
1600378691
1601011826
1600975578
1600964826
1600893942
1600813249
1600156233
1600681680
1600607119
1600461050
1600373950
1600156459
1600141798
1601983211
1600455970-001
1600230737-061
1601966921
1601946403
1601942039
1601936268
1601917794-001
1601929158
1601921624
1601917804
1601910460
1601891377
1601885888
1601880840
1601877904
1601865747
1601865761
1601864574
1601863316
1601838158
1601837595
1601834650
1601812449
1601805265
1601790107
1601787513
1601741660
1601741614
1601709307
1601675048
1601661045
1601650558
1600835115
1600813961
1602146255
1602074811
1602064299
1602054195
1602043281
1602038676
1602014040
1601604590-005
1601933644
1601929888
1601865095
1601710694
1601496867
1601222707
1600514979
1600938544
1600939971
1600909857
1600852664
1600834619
1602148453
1602073342
1602052374
1602034304
1602032730
1601912563
1601881636
1601881428
1601881058
1601861527
1601857721
1601368713
1601293546
1601291972
1601044518
1600945252
1600753039
1600684385
1600684360
1600684402
1600354965-001
1602146600
1602079263
1602077058
1602063390
1602051532
1602039895
1601976140
1601969619
1601967650
1601966858
1601923163
1601903872-002
1601879972
1601867293
1601865345
1601879806
1601877446
1601865803
1601861012
1601853477
1601848734
1601843704
1601843013
1601840781
1601833992
1601818553
1601806188
1601805924
1601793718
1601781938
1601759837
1601732666
1601657793
1601571401
1601530211
1600377063
1601494161
1600850995-002
1601443600
1601404947
1601403012
1601227818-001
1601361348
1601335210
1601331537
1601640493
1601604142
1601294638
1601276163
1601185420
1601076742
1600499488
1601534304
1601489059
1601465837
1601440198
1600230737-051
1601010124
1600585320
1600975426
1600970040
1600961448
1601419414
1600110119-008
1600886670-001
1601393283
1601363916
1600957184
1600909215
1600908444
1600905475
1600854728
1601345829-001
1601332259
1601249882
1601229276
1601229300
1600850995
1600759432
1600745013
1600685678
1600684427
1601227705
1600801677
1601212988
1601171474
1601104799
1600666555
1600681578
1600668954
1600676105
1600651132
1601091211
1601084327
1601080403
1601067610
1601038345
1600627179
1600627193
1600574167
1600552621
1600514270
1600983995
1600955268
1600907803
1600892787
1600888477
1600514009
1600841158
1600759136
1600721164
1600694224
1600688809
1600184590-012
1600684346
1600657705
1600672100
1600376976-001
1600928641-003
1600969302
1600964897
1600957145
1600956864
1601595681
1601589141
1601581079
1601577770
0310228188-004
1600184590-011
1600386808
1600378395
1600273071
1600373968
1600905595
1600902629
1600894576
1600891335
1601543228
1601534209
1601528420
1601527184
1601495951
1600883630
1600852819
1600831897
1600790538
1600790506
1600220016-018
1601494186
1601491883
1601488344
1601487968
1600789116
1600163872
1600770203
1600745006
1600736315
1601484283
1600184590-057
1601434652
1601010371-003
1601410443
1600208139
1600388883-005
1600726733
1600712120
1600688622
1600685759
1600164890
1601404270
1601393614
1601393607
1601391416
1601361362
1600685646
1600685639
1600685597
1600683624
1600683511
1601353481
1601341253
1601300070
1601242693
1601223210
1600709590
1600684392
1600683568
1600679392
1600163199
1600683550
1600683631
1600678825
1600159675
1600606443
1600163488
1600515002
1600690886
1600688774
1600684378
1600683582
1600683575
1600560284
1600530434
1600683617
1600681546
1600551272
1602139593
1602082499
1602078809
1602078502
1602049540
1602047092
1602043700
1602005913
1601998507
1601985314
1600949715
1602146248
1602036742
1601948055
1601866772
1601413067
1601335193
1600970280
1600856958
1600690893
1600688799
1601847882
1600824508-002
1601316930
1601209086
1601193213
1601978331
1601977761
1601968478
1601965822
1601965131
1601943956
1601920042
1601914433
1601894603
1601894593
1600688767
1600685533
1600681553
1600373855
1602148189
1602146625
1602140479
1602071962
1602055375
1602054974
1602052310
1602047448
1602039006
1602030758
1601117188
1600824508-001
1600958910
1600896397
1600894720
1600886889
1600753014
1600749177
1600749184
1600685653
1601894586
1601882943
1601882936
1601882929
1601675016-001
1601882608
1601882580
1601857640
1601843158
1601841633
1602146142
1602081858
1602079898
1602074025
1602008872
1601990057
1601950343
1601929197
1601884147
1601865585
1602024144
1602021697
1601990297
1601984705
1601937159
1601891592
1601886673
1601865810
1601863429
1601862993
1600386759
1601839909
1601836023
1601745739
1601650572
1601519024
1601434726
1601434853
1601394350
1601393029
1601393036
1601780035
1601715533
1600376976-002
1601300264
1601042990
1600892755
1600852960
1600852689
1600790513
1600206332
1602145036
1602144272
1602144025
1602082234
1602064387
1602055985
1602043556
1602043316
1601942046
1601939597
1601860996
1601852297
1601838542
1601837073
1601835527
1601833706
1601755487
1600329101
1601336020
1601272874
1601326784
1601313873
1601292221
1601290866
1601284559
1601233233
1601196006
1601179307
1601119629
1601053181
1600684353
1600683543
1600681560
1600681539
1600557080
1601905608
1601897280
1601661817
1601651833
1601595628
1600633990-002
1601303339
1601210010
1601185290
1601138639
1600834048
1600753021
1600710282
1600703285
1600516510
1600690325
1600685621
1600683536
1600328073
1600384293
1601963945
1601963977
1601961433
1601961401
1601961419
1601961169
1601961017
1601959699
1601959709
1601959716
1601045092
1601016422
1600972739
1600964720
1800688429-002
1600955525
1600939763
1600931588
1600894960
1600853259
1600852671
1600822765
1600684434
1600684339
1600684441
1600683529
1601958705
1601955976
1601954330
1601954002
1601952598
